Kenya etc  (6174,3210)  (6172,3261)  (6168,3314)  (6169,3368)  (6120,3214)  (6066,3195)  (6004,3177)  (5943,3197)  (5888,3206)  (6124,3721)  (6057,3727)  (6100,3666)  (6093,3610)  (6083,3551)  (6095,3495)  (6132,3437)  (6022,3672)  (5966,3666)  (5910,3640)  (5864,3590)  (5846,3528)  (5828,3460)  (5847,3325)  (5883,3265)
Angola  (5254,3584)  (5269,3640)  (5282,3700)  (5296,3764)  (5283,3822)  (5249,3889)  (5228,3953)  (5501,3985)  (5495,3929)  (5495,3872)  (5558,3796)  (5512,3736)  (5503,3681)  (5498,3630)  (5502,3809)  (5442,3652)  (5371,3664)  (5330,3593)  (5319,3647)  (5276,3972)  (5339,3979)  (5390,3976)  (5444,3989)  (5442,3929)  (5387,3923)  (5341,3925)  (5308,3878)
Sudan  (5701,2489)  (5752,2488)  (5804,2490)  (5857,2493)  (5912,2497)  (5965,2489)  (5966,2545)  (5912,2557)  (5853,2549)  (5788,2548)  (5725,2546)  (5663,2546)  (5665,2601)  (5720,2600)  (5775,2604)  (5830,2605)  (5888,2607)  (5955,2608)  (6009,2598)
East Southern Ocean  (9131,4652)  (9076,4661)  (9155,4729)  (9089,4737)  (9015,4692)  (9018,4763)  (9099,4807)  (9184,4800)  (8950,4715)  (8950,4781)  (9037,4829)  (9134,4873)  (9216,4878)  (9281,4802)  (8976,4860)  (8884,4693)  (8896,4779)  (8823,4714)  (8838,4792)  (8905,4854)  (9074,4902)  (9300,4879)  (9173,4944)  (8993,4934)  (8887,4907)  (8804,4864)  (8766,4797)
Arabian Sea  (6442,2174)  (6473,2226)  (6523,2273)  (6554,2330)  (6607,2313)  (6742,2344)  (6796,2369)  (6844,2420)  (6843,2482)  (6903,2446)  (6905,2383)  (6984,2381)  (6982,2460)  (6920,2527)  (6854,2552)  (6788,2628)  (6732,2664)  (6674,2708)  (7059,2456)  (7026,2532)  (6966,2604)  (6902,2639)  (6843,2686)  (6782,2723)  (7114,2520)  (7061,2608)  (7008,2668)  (6951,2711)  (7117,2697)  (7149,2615)  (7213,2552)  (7245,2629)  (7203,2696)  (7263,2711)
Paraguay  (2838,4278)  (2890,4250)  (2777,4169)  (2737,4223)  (2724,4172)  (2770,4115)  (2718,4118)  (2888,4303)  (2937,4290)  (2862,4359)  (2919,4354)
Kazakhstan  (6307,1414)  (6366,1438)  (6360,1380)  (6427,1440)  (6530,1622)  (6467,1602)  (6523,1549)  (6501,1494)  (6569,1498)  (6630,1507)  (6693,1522)  (6502,1430)  (6446,1379)  (6500,1374)  (6564,1452)  (6574,1397)  (6624,1447)  (6762,1563)  (6839,1573)  (6955,1661)  (7008,1638)  (7262,1597)  (7271,1537)  (7307,1491)  (7349,1440)  (7397,1414)  (7349,1385)  (7297,1437)  (7290,1378)  (7236,1370)  (7240,1420)  (7182,1359)  (6934,1609)  (6989,1589)  (7047,1587)  (7104,1606)  (7160,1601)  (7213,1604)
Tibet  (7445,2009)  (7467,2067)  (7514,2115)  (7554,2174)  (7613,2217)  (7670,2231)  (7732,2203)  (7797,2233)  (7857,2210)  (7913,2162)  (7965,2145)  (8026,2161)  (8025,2106)  (8003,2051)  (7456,1954)  (7496,2011)  (7528,2060)  (7571,2110)  (7609,2159)  (7660,2183)  (7513,1959)  (7550,2008)  (7571,1950)
Yellow Sea  (8810,1930)  (8762,1939)  (8857,1978)  (8793,1882)  (8841,1882)  (8858,1930)  (8809,1987)  (8905,1978)  (8905,2026)  (8857,2026)  (8792,1834)  (8744,1825)  (8678,1820)  (8919,2074)  (8871,2074)  (8666,1772)
North Korea  (8916,1800)  (8882,1818)  (8836,1810)  (8882,1774)  (8916,1670)  (8873,1680)  (8909,1711)  (8825,1705)  (8798,1737)  (8823,1765)  (8867,1720)
Haiti etc  (2336,2607)  (2333,2555)  (2285,2599)  (2415,2583)
Mongolia  (7900,1523)  (7958,1546)  (8016,1559)  (8075,1567)  (8146,1564)  (8209,1532)  (8261,1500)  (7895,1579)  (7961,1604)  (8023,1618)  (7833,1548)  (8324,1517)  (8243,1592)  (8185,1616)  (8130,1630)  (8214,1438)  (8276,1404)  (8321,1454)  (8385,1482)  (7647,1452)  (7587,1422)  (7594,1371)  (7654,1386)
Morocco  (4707,1965)  (4653,1967)  (4604,1947)  (4570,1997)  (4526,2040)  (4486,2082)  (4476,2130)  (4471,2181)  (4431,2212)  (4520,2150)  (4563,2121)  (4613,2100)  (4662,2074)  (4712,2035)  (4663,2013)  (4529,2078)
Iran  (6386,2011)  (6335,1958)  (6418,2061)  (6434,2112)  (6330,1905)  (6293,1853)  (6345,1851)  (6397,1883)  (6449,1913)  (6502,1913)  (6553,1904)  (6605,1873)  (6656,1866)  (6706,1876)  (6756,1909)  (6758,1959)  (6763,2010)  (6775,2061)  (6487,2118)  (6526,2168)  (6576,2210)  (6630,2235)  (6805,2114)  (6806,2170)  (6841,2219)  (6855,2270)  (6800,2295)  (6750,2264)  (6691,2229)  (6394,1939)  (6445,2000)  (6498,1971)  (6475,2058)  (6544,2107)  (6579,2159)  (6629,2180)  (6684,2177)  (6748,2205)  (6749,2147)  (6720,2094)  (6668,2125)  (6615,2102)  (6708,2037)  (6703,1980)  (6700,1928)  (6646,1924)  (6649,1981)  (6652,2039)
Philippine Sea  (9644,2937)  (9649,2876)  (9653,2804)  (9657,2742)  (9652,2676)  (9644,2609)  (9651,2546)  (9660,2477)  (9731,2708)  (9734,2768)  (9740,2648)  (9743,2851)  (9741,2910)  (9736,2583)  (9742,2509)  (9853,2731)  (9852,2816)  (9856,2870)  (9857,2949)  (9851,2656)  (9854,2575)  (9853,2473)  (9841,2411)
Kamchatka  (9493,1288)  (9446,1255)  (9498,1238)  (9497,1188)  (9445,1206)  (9396,1208)  (9335,918)  (9383,917)  (9431,955)  (9479,959)  (9528,959)  (9385,965)  (9337,966)  (9457,1151)  (9403,1160)  (9322,1013)  (9374,1011)  (9351,1148)
Madagascar Coast  (6194,4024)  (6222,3937)  (6236,3851)  (6114,4068)  (6037,4122)  (6142,4154)  (6224,4095)  (6071,4214)  (6167,4244)  (6319,3906)  (6371,3774)  (6223,3740)  (6224,3666)  (6332,3694)  (6438,3715)  (6031,4303)  (6118,4314)  (6223,4341)  (5977,4379)  (6088,4392)  (6215,3588)  (6319,3619)  (6421,3613)  (6303,3542)  (6201,3528)
Iraq  (6318,2142)  (6370,2116)  (6315,2084)  (6262,2126)  (6262,2073)  (6270,2018)  (6270,1964)  (6210,2087)  (6161,2059)  (6113,2031)  (6156,1982)  (6169,1928)  (6221,1882)  (6218,1933)
Chile  (2452,4275)  (2428,4164)  (2419,4110)  (2410,4056)  (2446,4330)  (2444,4387)  (2439,4443)  (2441,4498)  (2451,4552)  (2460,4608)  (2473,4662)  (2471,4718)  (2470,4774)  (2479,4829)  (2486,4884)  (2500,4937)  (2528,4992)  (2551,5046)  (2573,5101)  (2588,5160)  (2600,5220)  (2609,5278)  (2655,5328)  (2710,5367)  (2769,5362)  (2818,5417)
North Russia  (6079,960)  (6130,957)  (6180,928)  (6225,903)  (6272,899)  (6324,902)  (6375,892)  (6424,878)  (5954,908)  (6006,925)  (6056,911)  (6109,906)  (5947,853)  (6467,833)  (6466,781)  (6465,727)  (5996,814)
Argentina  (2618,4578)  (2671,4607)  (2726,4608)  (2767,4550)  (2741,4492)  (2686,4492)  (2631,4492)  (2577,4523)  (2621,4634)  (2672,4659)  (2724,4660)  (2782,4606)  (2792,4493)  (2779,4660)  (2820,4551)  (2846,4491)  (2656,4434)  (2712,4434)  (2768,4437)  (2822,4432)  (2788,4382)  (2735,4379)  (2679,4369)  (2621,4374)  (2598,4433)  (2562,4580)  (2565,4633)  (2611,4686)  (2665,4715)  (2722,4718)  (2777,4714)  (2835,4678)  (2834,4733)  (2889,4755)  (2832,4788)  (2777,4769)  (2725,4774)  (2670,4771)  (2609,4747)  (2553,4688)  (2542,4462)  (2539,4403)  (2647,4314)  (2704,4314)  (2757,4321)  (2611,4805)  (2670,4831)  (2732,4832)  (2614,4863)  (2671,4887)
Victoria  (9527,4779)  (9473,4776)  (9419,4782)  (9579,4773)  (9634,4737)  (9684,4688)  (9713,4633)  (9767,4587)  (9819,4547)  (9851,4489)  (9797,4489)  (9746,4530)  (9694,4580)  (9649,4633)  (9617,4684)  (9559,4716)  (9505,4722)  (9446,4723)  (9448,4659)  (9463,4603)  (9474,4544)  (9503,4486)  (9568,4481)  (9623,4485)  (9684,4481)
Hokkaido  (9241,1574)  (9287,1582)  (9331,1594)  (9249,1674)  (9238,1633)  (9290,1646)  (9332,1643)
Panama Coast  (2043,3038)  (2059,3091)  (1987,3076)  (2060,3146)  (1996,3133)  (2020,3205)  (1928,3043)  (1866,3016)  (1805,2959)  (1920,3122)  (1854,3083)  (1764,2891)  (1803,3023)  (1844,3175)  (1930,3212)  (1932,3292)  (1835,3271)  (1769,3155)  (1734,3075)  (1734,2978)
Guinea etc  (4250,2696)  (4236,2746)  (4238,2798)  (4267,2849)  (4317,2901)  (4346,2952)  (4364,3002)  (4404,2957)  (4463,2968)  (4300,2720)  (4340,2760)  (4348,2816)  (4386,2859)  (4442,2863)  (4465,2909)  (4418,2911)  (4285,2766)
Congo  (5254,3523)  (5304,3525)  (5359,3482)  (5364,3531)  (5378,3425)  (5415,3480)  (5421,3533)  (5406,3590)  (5478,3556)  (5479,3503)  (5473,3446)  (5435,3389)  (5429,3333)  (5489,3367)  (5529,3426)  (5541,3480)  (5539,3537)  (5563,3600)  (5596,3549)  (5591,3488)  (5590,3429)  (5544,3370)  (5486,3310)  (5431,3279)
Povolzhsky  (6166,1023)  (6178,1078)  (6571,1293)  (6510,1294)  (6251,1318)  (6191,1289)  (6131,1274)  (6118,1225)  (6072,1179)  (6121,1169)  (6170,1134)  (6174,1193)  (6301,1277)  (6351,1269)  (6401,1268)  (6455,1294)  (6580,1233)  (6810,1134)  (6836,1080)  (6781,1049)  (6480,930)  (6427,947)  (6751,1151)  (6696,1170)  (6234,1009)
North China  (8678,1904)  (8621,1875)  (8567,1837)  (8567,1774)  (8620,1932)  (8561,1899)  (8574,1965)  (8566,2018)  (8508,2022)  (8449,2020)  (8543,1714)  (8560,1655)  (8608,1632)  (8552,1583)  (8537,1529)  (8530,1473)  (8548,1419)  (8558,1362)  (8494,1373)  (8476,1431)  (8483,1539)  (8432,1545)  (8480,1591)  (8423,1605)
Turkey  (6185,1830)  (6137,1837)  (6089,1847)  (6035,1847)  (5984,1850)  (5931,1857)  (6187,1787)  (6171,1738)  (6123,1720)  (6133,1792)  (6086,1759)  (6082,1802)  (6039,1740)  (6035,1789)  (5975,1722)  (5931,1705)  (5886,1707)  (5839,1719)  (5790,1734)  (5741,1749)  (5682,1771)  (5695,1822)  (5746,1852)  (5797,1854)  (5848,1859)
West Pacific Ocean  (10601,2847)  (10588,2775)  (10595,2707)  (10599,2629)  (10619,2558)  (10630,2485)  (10614,2422)  (10689,2865)  (10691,2792)  (10696,2720)  (10727,2638)  (10728,2586)  (10736,2519)  (10718,2464)  (10706,2404)  (10793,2876)  (10789,2820)  (10795,2759)  (10817,2707)  (10829,2645)  (10840,2580)  (10841,2517)  (10837,2446)  (10831,2389)
Central Russia  (5830,1243)  (5790,1190)  (5746,1144)  (5696,1131)  (5665,1085)  (5664,1032)  (5683,975)  (5723,914)  (5721,863)  (5687,818)  (5673,769)  (5657,717)  (5880,1286)  (5927,1326)  (5977,1338)  (6032,1341)  (6050,1279)  (6038,1223)  (6014,1167)  (6062,1120)  (6116,1075)  (6068,1039)  (6001,1013)  (5938,968)  (5884,935)  (5861,874)  (5811,872)  (5774,923)  (5825,926)  (6010,1071)  (6005,1122)  (5992,1291)  (5935,1278)  (5885,1239)  (5844,1193)
Sumatra  (8421,3519)  (8421,3470)  (8411,3418)  (8367,3492)  (8115,3136)  (8165,3151)  (8168,3202)  (8217,3210)  (8234,3260)  (8285,3267)  (8335,3304)  (8367,3360)  (8364,3444)  (8315,3412)
Taiwan  (8866,2386)  (8882,2341)  (8875,2433)
Arctic Ocean  (5704,607)  (5773,634)  (5855,643)  (5942,667)  (6024,657)  (6106,650)  (6204,649)  (6285,619)  (6378,606)  (5834,563)  (5922,581)  (6018,590)  (6104,583)  (6187,568)  (6276,552)  (5950,508)  (6050,522)  (6145,521)  (6243,496)  (6347,497)  (6021,446)  (6146,446)  (6263,434)  (5910,445)  (5816,479)  (5720,524)  (5733,421)  (5861,384)  (6023,357)  (6161,351)
Coral Sea  (10283,3881)  (10235,3928)  (10235,3880)  (10330,3929)  (10283,3833)  (10331,3833)  (10331,3881)  (10233,3832)  (10282,3976)  (10234,3976)  (10187,3928)  (10187,3880)  (10378,3929)  (10378,3977)  (10330,3977)  (10186,3977)  (10281,3785)  (10329,3785)  (10377,3785)  (10379,3833)  (10379,3881)  (10185,3832)  (10185,3784)  (10233,3784)  (10425,3739)  (10282,4024)  (10234,4024)  (10139,3929)  (10139,3881)  (10426,3929)  (10426,3977)  (10426,4025)  (10378,4025)  (10330,4025)  (10186,4025)  (10138,4025)  (10138,3977)  (10281,3737)  (10329,3737)  (10377,3737)  (10427,3787)  (10427,3835)  (10137,3833)  (10137,3785)  (10137,3737)  (10185,3736)  (10233,3736)  (10425,3691)  (10473,3691)  (10473,3739)  (10282,4072)  (10234,4072)  (10091,3929)  (10091,3881)
Yamalia etc  (6547,858)  (6570,919)  (6633,963)  (6707,990)  (6776,986)  (6841,985)  (6910,1006)  (6963,984)  (7026,974)  (7091,967)  (7030,918)  (6538,797)  (6572,733)
West Southern Ocean  (5709,4678)  (5781,4650)  (5842,4576)  (5924,4543)  (5922,4618)  (5872,4681)  (5806,4730)  (5732,4760)  (5708,4837)  (5811,4809)  (5882,4768)  (5957,4715)  (6014,4643)  (6019,4564)  (6117,4570)  (6104,4649)  (6056,4724)  (6010,4787)  (5949,4836)  (5890,4864)  (5795,4882)  (6079,4857)  (6123,4791)  (6177,4722)  (6207,4640)  (6224,4566)  (6315,4582)  (6290,4695)  (6255,4783)  (6007,4923)  (5896,4957)  (5786,4971)  (5729,5051)  (5962,5058)  (6216,4884)  (6122,4953)  (6056,5014)  (5846,5050)
North Newzealand  (10470,4798)  (10521,4820)  (10467,4747)  (10474,4700)  (10399,4921)  (10395,4864)  (10445,4890)
Peru  (2223,3500)  (2196,3553)  (2185,3610)  (2200,3662)  (2234,3718)  (2288,3741)  (2343,3777)  (2278,3468)  (2224,3445)  (2195,3389)  (2167,3441)  (2160,3496)  (2107,3481)  (2061,3533)  (2008,3537)  (2051,3593)  (2092,3648)  (2117,3702)  (2144,3754)  (2177,3809)  (2208,3859)  (2257,3909)  (2312,3931)  (2233,3779)  (2289,3799)  (2265,3852)  (2320,3855)  (2378,3835)  (2373,3894)  (2375,3951)
West Atlantic Ocean  (3027,3097)  (3075,3173)  (2941,3053)  (3115,3244)  (2849,3021)  (3148,3184)  (3103,3099)  (3013,3030)  (2930,2994)  (2856,2957)  (2781,2982)  (3198,3278)  (3229,3202)  (3185,3106)  (3107,3024)  (3006,2956)  (2926,2896)  (2828,2874)  (3279,3123)  (3211,3032)  (3089,2932)  (3003,2858)  (2892,2807)  (3328,3265)  (3365,3168)  (3315,3059)  (3202,2943)  (3097,2848)  (3010,2785)  (2804,2762)
Gulf of Arden  (7477,3043)  (7393,3002)  (7343,2933)  (7316,2850)  (7504,3117)  (7416,3086)  (7317,3001)  (7275,2921)  (7250,2841)  (7192,2871)  (7217,2966)  (7266,3051)  (7398,3158)  (7346,3074)  (7202,3043)  (7137,2944)  (7104,2817)  (7045,2877)  (7094,3004)  (7169,3117)  (7247,3152)  (7441,3236)  (7506,3202)  (7259,3227)  (7192,3198)  (7096,3118)  (7023,3034)  (7013,2967)  (6986,2837)  (6954,2917)  (6944,3024)  (7009,3145)  (7105,3223)
New Guinea etc  (9431,3442)  (9479,3480)  (9521,3434)  (9533,3490)  (9575,3416)  (9624,3436)  (9670,3446)  (9586,3536)  (9606,3584)  (9652,3638)  (9706,3656)  (9739,3610)  (9806,3602)
Northwest Atlantic Ocean  (2429,1819)  (2479,1766)  (2547,1738)  (2618,1711)  (2639,1648)  (2388,1880)  (2370,1946)  (2323,2002)  (2237,2042)  (2179,2092)  (2547,1801)  (2492,1818)  (2466,1881)  (2443,1948)  (2415,2011)  (2372,2063)  (2302,2069)  (2620,1783)  (2695,1709)  (2712,1635)  (2691,1776)  (2555,1882)  (2526,1951)  (2649,1860)  (2510,2042)  (2622,1982)  (2729,1923)  (2788,1825)  (2815,1685)  (2899,1777)  (2873,1917)  (2819,2006)  (2704,2070)
Southeast Atlantic Ocean  (5152,3840)  (5195,3773)  (5143,3935)  (5129,4028)  (5081,3960)  (5087,3890)  (5096,3785)  (5129,3696)  (5158,3627)  (5041,3719)  (5003,3833)  (5004,3961)  (5040,4060)  (5117,4138)  (5207,4205)  (5030,4156)  (5043,3630)  (5148,3540)  (5043,3483)
Mali etc  (4402,2746)  (4412,2805)  (4460,2800)  (4511,2843)  (4560,2875)  (4614,2881)  (4664,2863)  (4714,2854)  (4766,2844)  (4818,2836)  (4453,2745)  (4511,2794)  (4509,2745)  (4562,2823)  (4613,2829)  (4661,2809)  (4721,2798)  (4780,2784)  (4609,2390)  (4669,2425)  (4726,2476)  (4782,2524)  (4844,2564)  (4894,2607)  (4892,2663)  (4845,2618)  (4607,2451)  (4611,2508)
West Canada  (1065,1224)  (1062,1274)  (1096,1336)  (1157,1368)  (1122,1274)  (1122,1211)  (1130,1150)  (1129,1086)  (1138,1028)  (1198,1030)  (1225,1365)  (1285,1370)  (1347,1371)  (1406,1371)  (1467,1370)  (1532,1372)  (1620,1363)  (1628,1294)  (1623,1230)  (1625,1157)  (1632,1089)  (1274,1028)  (1334,1027)  (1402,1032)  (1463,1034)  (1523,1034)  (1588,1025)  (1187,1298)  (1252,1301)  (1312,1313)  (1372,1315)  (1428,1320)  (1488,1312)  (1565,1311)  (1563,1239)  (1563,1177)  (1570,1101)  (1513,1097)  (1453,1091)  (1378,1086)  (1327,1085)  (1257,1085)  (1192,1102)  (1192,1156)  (1189,1223)
Sea of Japan  (9088,1748)  (9040,1795)  (9040,1747)  (9135,1796)  (9088,1700)  (9136,1700)  (9136,1748)  (9038,1699)  (9087,1843)  (9039,1843)  (8992,1795)  (8992,1747)  (9183,1796)  (9183,1844)  (9135,1844)  (9086,1652)  (9134,1652)  (9182,1652)  (9184,1700)  (9184,1748)  (8990,1699)  (9087,1891)  (8944,1778)  (9231,1796)  (9200,1892)  (9152,1892)  (9070,1604)  (9118,1604)  (9166,1604)  (9232,1715)  (9077,1939)  (9081,1556)  (9129,1556)  (9177,1556)  (9292,1542)  (9029,1966)  (9241,1522)  (9095,1508)  (9143,1508)  (9328,1989)  (8981,1989)  (9340,1496)  (9340,1544)  (9340,1700)  (9289,1494)  (9039,2014)  (9280,2027)  (9370,1748)  (9232,2033)  (9102,1460)  (9376,1966)  (9376,2014)
Western Australia  (9118,3931)  (9059,3986)  (9005,4048)  (8953,4115)  (8877,4148)  (8807,4165)  (8738,4189)  (8688,4246)  (8678,4319)  (8661,4383)  (8660,4442)  (8670,4520)  (8667,4589)  (8727,4620)  (8803,4599)  (8884,4569)  (8949,4553)  (9013,4526)  (9140,3999)  (9122,4061)  (9106,4127)  (9064,4053)  (9027,4112)
Southwest Siberia  (7709,1323)  (7652,1307)  (7592,1317)  (7532,1340)  (7470,1358)  (7414,1349)  (7353,1320)  (7290,1297)  (7232,1285)  (7176,1242)  (7463,1289)  (7414,1287)  (7438,1236)  (7122,1215)  (7057,1190)  (6995,1201)  (6937,1183)  (6889,1136)  (6941,1118)  (6988,1100)  (6990,1149)
Southwest China  (8431,2444)  (8480,2440)  (8213,2425)  (8270,2401)  (8320,2383)  (8166,2381)  (8120,2341)  (8109,2217)  (8130,2264)  (8181,2285)  (8167,2331)  (8217,2371)  (8537,2349)  (8521,2398)  (8487,2330)  (8470,2384)  (8376,2210)  (8424,2218)  (8275,2248)  (8237,2305)
Atlantic Ocean  (4499,3804)  (4451,3851)  (4451,3803)  (4546,3852)  (4499,3756)  (4547,3756)  (4547,3804)  (4449,3755)  (4498,3899)  (4450,3899)  (4403,3851)  (4403,3803)  (4594,3852)  (4594,3900)  (4546,3900)  (4402,3900)  (4497,3708)  (4545,3708)  (4593,3708)  (4595,3756)  (4595,3804)  (4401,3755)  (4401,3707)  (4449,3707)  (4641,3662)  (4498,3947)  (4450,3947)  (4355,3852)  (4355,3804)  (4642,3852)  (4642,3900)  (4642,3948)  (4594,3948)  (4546,3948)  (4402,3948)  (4354,3948)  (4354,3900)  (4497,3660)  (4545,3660)  (4593,3660)  (4643,3710)  (4643,3758)  (4353,3756)  (4353,3708)  (4353,3660)  (4401,3659)  (4449,3659)  (4641,3614)  (4689,3614)  (4689,3662)  (4498,3995)  (4450,3995)  (4307,3852)  (4307,3804)
Southeast Brazil  (3245,4008)  (3299,4006)  (3355,4006)  (3186,4066)  (3206,4117)  (3259,4118)  (3312,4118)  (3384,4060)  (3371,4114)  (3153,4123)  (3229,3953)  (3281,3951)  (3334,3952)  (3244,3897)  (3296,3897)  (3099,4117)  (3094,4172)  (3148,4178)  (3208,4175)  (3261,4171)  (3314,4170)  (3171,4235)  (3410,3997)
Chad  (5373,2497)  (5426,2529)  (5477,2568)  (5534,2593)  (5560,2660)  (5493,2868)  (5444,2916)  (5393,2953)  (5343,2900)  (5347,2845)  (5313,2784)  (5319,2728)  (5363,2559)  (5361,2608)  (5428,2578)  (5528,2714)  (5511,2819)  (5391,2903)  (5437,2867)  (5401,2814)  (5454,2811)
Madagascar  (6282,4192)  (6318,4133)  (6313,4032)  (6362,3980)  (6478,3876)  (6462,3924)  (6456,3974)  (6442,4028)  (6369,4230)  (6356,4280)  (6308,4298)  (6276,4250)  (6328,4187)  (6364,4025)  (6314,3983)  (6409,3941)  (6328,4238)  (6380,4182)
Southeast Pacific Ocean  (2071,3807)  (2046,3754)  (2009,3690)  (1975,3635)  (1944,3702)  (1983,3771)  (2116,3891)  (2027,3860)  (1926,3577)  (2192,3961)  (1896,3653)  (2110,3953)  (1878,3737)  (2036,3962)  (1944,3843)  (1904,3507)  (1848,3611)  (1880,3808)  (1962,3941)  (1822,3678)  (1826,3531)  (2144,4036)  (1887,3434)  (2046,4059)  (1886,3883)  (1768,3788)  (1762,3613)  (1796,3454)  (2277,4076)  (2124,4152)
South India  (7497,2607)  (7553,2653)  (7504,2653)  (7455,2655)  (7405,2673)  (7370,2723)  (7454,2703)  (7508,2700)  (7384,2773)  (7409,2819)  (7464,2819)  (7513,2815)  (7420,2869)  (7472,2867)  (7446,2917)
Thailand  (8154,2586)  (8208,2585)  (8173,2637)  (8224,2634)  (8272,2647)  (8324,2645)  (8371,2727)  (8291,2802)  (8254,3040)  (8215,2998)  (8200,2947)  (8201,2897)  (8214,2846)  (8211,2792)
Libya  (5576,2106)  (5502,2067)  (5484,2121)  (5425,2158)  (5364,2145)  (5296,2118)  (5240,2066)  (5184,2062)  (5577,2167)  (5522,2175)  (5463,2211)  (5402,2216)  (5345,2200)  (5286,2174)  (5233,2128)  (5177,2119)
Xinjiang  (7245,1776)  (7268,1827)  (7313,1880)  (7370,1896)  (7430,1882)  (7491,1871)  (7554,1870)  (7608,1843)  (7664,1830)  (7694,1782)  (7730,1731)  (7761,1680)  (7784,1629)  (7732,1595)  (7677,1585)  (7300,1751)  (7317,1806)  (7369,1842)  (7423,1830)  (7479,1810)  (7539,1812)  (7354,1722)  (7368,1665)  (7364,1601)  (7394,1553)  (7392,1500)  (7445,1510)  (7467,1450)  (7379,1774)
South Australia  (9107,4524)  (9168,4532)  (9225,4558)  (9272,4614)  (9333,4590)  (9359,4656)  (9392,4574)  (9416,4518)  (9430,4461)  (9451,4401)  (9112,4464)  (9124,4396)  (9181,4372)  (9236,4373)  (9293,4372)  (9371,4389)  (9178,4429)  (9164,4480)
East India  (7862,2297)  (7911,2262)  (7961,2218)  (7744,2381)  (7751,2432)  (7695,2408)  (7703,2453)  (7699,2503)  (7915,2312)  (7956,2267)  (7918,2360)  (7647,2428)  (7650,2476)  (7651,2525)  (7598,2437)  (7596,2483)  (7601,2529)  (7561,2578)
Latvia etc  (5549,1046)  (5599,1041)  (5598,1090)  (5593,1142)  (5548,1188)  (5502,1178)  (5454,1185)  (5461,1131)
Northeast United States  (2691,1527)  (2638,1557)  (2584,1589)  (2527,1589)  (2471,1589)  (2504,1689)  (2450,1703)  (2397,1746)  (2357,1799)  (2345,1747)  (2291,1745)  (2397,1695)  (2344,1694)  (2290,1693)  (2343,1636)  (2397,1628)
East Siberian Sea  (9665,969)  (9749,940)  (9825,903)  (9863,837)  (9865,756)  (9835,986)  (9902,929)  (9941,858)  (9941,791)  (9936,986)  (9994,936)  (10026,869)  (10020,800)  (10050,996)  (10104,940)  (10122,863)  (10105,781)  (10192,992)  (10213,919)  (10213,832)  (10178,736)  (10290,975)  (10301,894)  (10299,829)  (10272,739)  (10395,979)  (10388,902)  (10377,832)  (10352,758)
Bosnia etc  (5306,1557)  (5356,1547)  (5358,1599)  (5398,1552)  (5448,1549)  (5489,1598)  (5496,1648)  (5490,1696)  (5449,1730)  (5439,1680)
East Indian Ocean  (8659,3767)  (8596,3740)  (8605,3812)  (8683,3846)  (8743,3788)  (8633,3885)  (8545,3852)  (8521,3772)  (8497,3707)  (8457,3782)  (8466,3857)  (8540,3941)  (8649,3962)  (8715,3923)  (8764,3873)  (8840,3802)  (8429,3684)  (8396,3774)  (8369,3657)  (8324,3737)  (8369,3869)  (8467,3939)  (8590,4015)  (8752,3998)  (8824,3979)  (8870,3897)  (8926,3805)  (8284,3635)  (8220,3718)  (8282,3811)  (8745,3710)  (8838,3730)
Poland  (5286,1240)  (5336,1219)  (5386,1222)  (5437,1227)  (5490,1233)  (5493,1287)  (5504,1339)  (5454,1365)  (5286,1290)  (5341,1317)  (5336,1268)  (5391,1335)
Israel etc  (5953,2138)  (5969,2090)  (5927,2087)  (5981,2045)  (5941,2041)  (5954,1991)  (5996,1976)
Northeast China  (8612,1714)  (8672,1687)  (8731,1699)  (8781,1667)  (8834,1634)  (8884,1612)  (8920,1533)  (8907,1480)  (8493,1277)  (8549,1289)  (8622,1371)  (8614,1427)  (8669,1413)  (8613,1482)  (8617,1534)  (8665,1572)  (8667,1520)  (8668,1467)  (8724,1423)  (8777,1438)  (8712,1621)
East Pacific Ocean  (1225,2639)  (1147,2544)  (1139,2434)  (1334,2706)  (1443,2768)  (1270,2721)  (1169,2621)  (1088,2466)  (1079,2563)  (1090,2630)  (1147,2690)  (1192,2762)  (1281,2797)  (1201,2701)  (1374,2788)  (1540,2767)  (1476,2843)  (1387,2874)  (1302,2892)  (1197,2843)  (1098,2775)  (1050,2686)  (999,2571)  (1004,2479)  (1110,2370)  (1558,2830)  (1509,2907)  (1387,2965)
Nigeria  (4903,3042)  (4957,3052)  (5063,3116)  (5010,3119)  (5071,3063)  (5018,3064)  (5120,3023)  (5168,3002)  (5198,2951)  (5218,2902)  (4900,2992)  (4915,2947)  (4928,2898)  (4927,2846)  (4976,2803)  (5029,2826)  (5078,2831)  (5131,2834)  (5183,2819)  (5239,2809)  (5252,2856)  (5176,2868)  (4982,2857)  (4984,2910)  (5037,2877)  (5091,2882)  (5143,2916)  (4963,3000)  (5016,3012)
Midwest United States  (2225,1724)  (2155,1724)  (2146,1659)  (2157,1602)  (2094,1709)  (2129,1781)  (2072,1765)  (2016,1716)  (1997,1657)  (2018,1598)  (2060,1541)  (1997,1530)  (1971,1465)  (1899,1448)  (1827,1440)  (1754,1440)  (1684,1438)  (1611,1437)  (1535,1442)  (1468,1447)  (1466,1516)  (1465,1581)  (1470,1648)  (1470,1711)  (1536,1756)  (1599,1761)  (1665,1738)  (1726,1738)  (1797,1765)  (1833,1825)  (1901,1843)  (1977,1796)  (1959,1735)  (1896,1772)  (1855,1710)  (1787,1689)  (1721,1670)  (1653,1672)  (1587,1686)  (1536,1631)  (1526,1562)  (1583,1506)  (1652,1506)  (1722,1503)  (1793,1501)  (1859,1504)  (1608,1578)  (1677,1605)  (1734,1618)  (1795,1628)  (1853,1643)  (1918,1658)  (1934,1589)  (1931,1517)
Mediterranean Sea  (5396,1924)  (5404,1849)  (5473,1926)  (5419,2000)  (5331,1992)  (5332,1939)  (5243,1964)  (5187,1896)  (5228,1750)  (5149,1748)  (5031,1682)  (5007,1765)  (4958,1703)  (4929,1819)  (4855,1834)  (5526,1988)  (5617,2004)  (5727,1956)  (5711,2023)  (5812,1947)  (5784,2012)  (5002,1832)
Ukraine etc  (5655,1186)  (5600,1221)  (5712,1220)  (5653,1241)  (5561,1277)  (5623,1292)  (5677,1294)  (5732,1279)  (5569,1332)  (5557,1386)  (5610,1416)  (5664,1422)  (5714,1474)  (5768,1473)  (5823,1483)  (5889,1490)  (5947,1471)  (6000,1422)  (5948,1401)  (5894,1376)  (5843,1345)  (5788,1309)
Java  (8616,3613)  (8664,3613)  (8565,3608)  (8517,3591)  (8466,3583)  (8714,3629)
Nambia  (5312,4206)  (5285,4151)  (5312,4263)  (5422,4418)  (5221,4024)  (5460,4051)  (5466,4099)  (5468,4151)  (5347,4392)  (5323,4340)  (5252,4079)  (5274,4026)  (5421,4359)  (5375,4345)  (5363,4289)  (5308,4086)  (5324,4030)  (5378,4038)  (5433,4304)  (5438,4258)  (5428,4205)
Chukotka  (9258,792)  (9210,839)  (9210,791)  (9305,840)  (9258,744)  (9306,744)  (9306,792)  (9208,743)  (9246,887)  (9198,887)  (9162,839)  (9162,791)  (9353,840)  (9256,696)  (9304,696)  (9354,699)  (9354,747)  (9160,743)  (9184,695)  (9150,899)  (9114,851)  (9114,803)  (9401,795)  (9401,843)  (9402,708)  (9112,755)  (9109,707)  (9110,947)  (9102,899)  (9442,891)  (9066,851)  (9066,803)  (9449,756)  (9449,804)  (9064,755)  (9062,987)  (9061,707)  (9054,939)  (9490,852)  (9490,900)  (9018,891)  (9018,843)  (9497,729)  (9497,777)  (9016,795)  (9013,747)  (9013,699)  (9006,978)  (9538,825)  (9538,873)  (8970,930)  (8970,882)
Sea of Okhotsk  (9061,1109)  (9013,1156)  (9013,1108)  (9108,1157)  (9061,1061)  (9109,1061)  (9109,1109)  (9011,1060)  (9060,1204)  (8965,1198)  (8965,1150)  (9156,1157)  (9156,1205)  (9108,1205)  (9157,1047)  (9157,1095)  (8963,1102)  (8963,1054)  (9182,988)  (8917,1183)  (9204,1143)  (9204,1191)  (9204,1239)  (9156,1253)  (9108,1253)  (9205,1036)  (9205,1084)  (8915,1135)  (8915,1087)  (9238,1287)  (8869,1183)  (9252,1132)  (9252,1180)  (9252,1228)  (9253,991)  (9253,1039)  (8867,1135)  (8867,1087)  (9286,1276)  (9300,1187)  (8819,1162)  (8819,1114)  (9334,1235)  (9334,1283)  (9382,1278)
Honduras etc  (1662,2724)  (1716,2763)  (1718,2684)  (1824,2735)  (1770,2775)  (1875,2721)  (1690,2632)  (1743,2629)
Sardinia  (5098,1722)  (5098,1771)
Uruguay  (2903,4538)  (2901,4591)  (2904,4641)  (2955,4656)  (3008,4666)  (3013,4614)  (2955,4570)
Ivory Coast etc  (4435,3047)  (4468,3086)  (4517,3119)  (4560,3095)  (4617,3084)  (4665,3089)  (4720,3091)  (4769,3073)  (4818,3047)  (4843,2996)  (4862,2938)  (4878,2881)  (4503,3036)  (4529,2987)  (4534,2938)  (4583,2936)  (4634,2963)  (4689,2964)  (4708,2908)  (4761,2912)  (4811,2915)  (4795,2968)  (4742,2963)  (4770,3018)  (4582,2990)  (4555,3042)
Sri Lanka  (7567,3025)  (7567,2976)  (7566,3069)  (7606,3043)
Hawaii  (476,2672)  (472,2625)  (418,2569)  (362,2534)  (315,2476)  (518,2647)
United Kingdom  (4770,1266)  (4773,1218)  (4723,1154)  (4703,1106)  (4720,1260)  (4718,1309)  (4769,1318)  (4822,1312)  (4818,1263)  (4772,1167)  (4822,1210)  (4758,1105)
Hudson Bay  (2468,1254)  (2493,1187)  (2455,1128)  (2513,1128)  (2580,1107)  (2385,1102)  (2311,1048)  (2373,999)  (2457,1034)  (2527,1026)  (2434,939)  (2518,971)  (2617,985)  (2627,911)  (2528,903)  (2736,878)  (2769,813)  (2834,749)  (2907,714)  (2833,877)  (2886,876)  (2938,931)  (2970,993)
Mauritania etc  (4371,2267)  (4329,2316)  (4305,2373)  (4274,2428)  (4247,2473)  (4256,2522)  (4262,2571)  (4261,2622)  (4424,2267)  (4476,2259)  (4384,2317)  (4357,2364)  (4327,2423)  (4306,2474)  (4311,2529)  (4319,2578)  (4313,2630)  (4340,2674)  (4388,2681)  (4445,2682)  (4501,2679)  (4555,2672)  (4555,2612)  (4548,2557)  (4502,2618)  (4496,2558)  (4496,2501)
Northern Australia  (9392,3815)  (9336,3831)  (9400,3870)  (9342,3887)  (9280,3862)  (9281,3917)  (9407,3931)  (9463,3976)  (9354,3944)  (9405,3988)  (9283,3977)  (9224,3965)  (9214,4019)  (9203,4081)  (9448,4050)  (9431,4106)  (9415,4168)  (9193,4145)  (9172,4208)  (9401,4224)  (9164,4274)  (9236,4299)  (9299,4297)  (9365,4292)  (9321,4238)  (9256,4236)
Venezuela  (2437,2940)  (2437,2994)  (2437,3048)  (2493,3048)  (2548,3045)  (2600,3045)  (2596,2994)  (2592,2942)  (2473,3100)  (2526,3100)  (2582,3099)  (2385,3027)  (2385,2975)  (2384,2919)  (2649,2970)  (2652,3024)  (2637,3102)  (2331,2989)  (2499,3154)  (2475,3209)  (2529,3219)
Cuba  (1989,2420)  (2101,2441)  (2151,2479)  (2200,2518)  (2150,2529)  (2251,2533)  (1939,2418)  (1918,2456)
Sicily  (5240,1841)  (5285,1826)  (5280,1870)
Nunavut  (2755,699)  (2750,617)  (2704,734)  (2804,620)  (2650,747)  (2860,626)  (2596,749)  (2765,565)  (2563,696)  (2848,570)  (2541,747)  (2900,569)  (2537,801)  (2915,620)  (2552,639)  (2969,609)  (2482,818)  (2982,665)  (2428,845)  (2374,871)  (2476,767)  (2409,775)  (2357,771)  (2317,832)  (2289,897)  (2219,933)  (2130,930)  (2043,910)  (1944,856)  (1767,755)  (1702,695)  (1824,716)  (1866,804)  (1909,726)  (1961,790)  (2035,771)  (2032,833)  (2102,746)  (2109,819)  (2178,751)  (2271,775)  (2210,831)  (3059,697)
Scotia Sea  (2871,4983)  (2898,4926)  (2863,5043)  (2954,4896)  (2869,5100)  (2925,4983)  (2922,5036)  (2880,5161)  (2926,5093)  (2996,4836)  (2979,4956)  (2982,5012)  (2984,5069)  (2943,5154)  (2879,5229)  (3048,4901)  (3021,5154)  (2966,5229)  (3073,5088)  (3067,4996)  (3073,4823)  (3029,4765)  (2850,5313)  (2942,5323)  (3065,5239)  (3120,5164)  (3171,5051)  (3153,4934)  (3176,4811)  (3130,4687)  (3258,4942)  (3243,5162)  (3188,5285)  (3304,5046)
France etc  (4974,1324)  (4976,1380)  (5014,1433)  (4986,1494)  (4996,1549)  (4999,1600)  (4921,1357)  (4867,1392)  (4816,1416)  (4759,1432)  (4796,1483)  (4813,1535)  (4809,1587)  (4857,1618)  (4903,1600)  (4952,1591)  (4964,1436)  (4869,1550)  (4922,1537)
Algeria etc  (5095,1913)  (5029,1904)  (4969,1910)  (4910,1919)  (4847,1934)  (4782,1949)  (5071,1973)  (5008,1969)  (4944,1975)  (4894,1986)  (4835,1999)  (5070,2034)  (5006,2029)  (4949,2037)  (4889,2044)
Gulf of Guinea  (4812,3221)  (4764,3268)  (4764,3220)  (4859,3269)  (4812,3173)  (4860,3173)  (4860,3221)  (4762,3172)  (4811,3316)  (4763,3316)  (4716,3268)  (4716,3220)  (4907,3269)  (4907,3317)  (4859,3317)  (4715,3317)  (4810,3125)  (4858,3125)  (4906,3125)  (4908,3173)  (4908,3221)  (4714,3172)  (4668,3269)  (4668,3221)  (4955,3269)  (4955,3317)  (4667,3326)  (4956,3171)  (4956,3219)  (4666,3173)  (4620,3278)  (4620,3230)  (5003,3267)  (5003,3315)  (4619,3326)  (5004,3175)  (4618,3182)  (5051,3223)  (5051,3271)  (5051,3319)  (5052,3173)  (4812,3267)  (5005,3219)
Center West Brazil  (2883,3906)  (2935,3941)  (2989,3941)  (3043,3941)  (3082,3884)  (3053,3827)  (2998,3825)  (2945,3824)  (2891,3846)  (2883,3960)  (2937,3995)  (2993,3996)  (3046,3995)  (3097,3942)  (3110,3826)  (3136,3882)  (3150,3941)  (3100,3994)  (3047,4047)  (2992,4047)  (2937,4049)  (2882,4015)  (2828,3963)  (2827,3907)  (2837,3848)  (2890,3788)  (2947,3769)  (3002,3768)  (3057,3769)  (3112,3769)  (3168,3814)  (3169,3758)  (3149,3704)  (3156,3649)  (2765,3906)  (2776,3848)  (2722,3813)  (2834,3792)  (2781,3793)  (2881,4068)  (2934,4105)  (2988,4106)  (2876,4147)
North India  (7289,2000)  (7349,1997)  (7304,2054)  (7359,2057)  (7373,2116)  (7422,2130)  (7446,2181)  (7297,2111)  (7342,2168)  (7394,2178)  (7426,2230)  (7477,2231)  (7566,2286)  (7618,2286)  (7669,2306)  (7662,2355)  (7612,2338)  (7564,2334)  (7576,2384)  (7528,2419)  (7518,2366)  (7467,2369)  (7477,2423)  (7361,2454)
Queensland  (9884,4410)  (9895,4349)  (9880,4289)  (9842,4230)  (9819,4165)  (9779,4108)  (9749,4051)  (9744,3993)  (9727,3926)  (9678,3871)  (9670,3930)  (9679,3985)  (9687,4045)  (9710,4109)  (9752,4168)  (9783,4224)  (9811,4289)  (9832,4347)  (9818,4410)
Syria etc  (6115,1907)  (6104,1958)  (6057,2007)  (6055,2060)  (5982,2155)  (6006,2107)  (6058,1896)  (6007,2060)  (5993,1928)
South Africa etc  (5602,4614)  (5546,4617)  (5568,4562)  (5624,4557)  (5660,4609)  (5679,4553)  (5507,4559)  (5483,4617)  (5730,4545)  (5779,4481)  (5826,4430)  (5840,4370)  (5774,4425)  (5724,4483)  (5779,4361)  (5835,4315)  (5833,4257)  (5776,4224)  (5431,4617)  (5430,4561)  (5387,4502)  (5437,4468)  (5491,4423)  (5545,4390)  (5600,4359)  (5655,4359)  (5701,4311)  (5735,4268)  (5788,4275)  (5749,4316)  (5446,4515)
Myanmar  (8063,2281)  (8012,2325)  (8058,2327)  (7998,2372)  (8048,2375)  (8100,2406)  (8127,2452)  (8176,2486)  (8129,2521)  (8089,2566)  (8091,2614)  (8048,2660)  (8040,2613)  (8029,2560)  (7988,2523)  (7959,2476)  (7972,2424)  (8034,2511)  (8082,2517)  (8020,2417)
Norway etc  (5234,1120)  (5275,1093)  (5278,1044)  (5324,1003)  (5225,1071)  (5183,1026)  (5130,996)  (5082,1016)  (5030,1028)  (5019,979)  (5049,929)  (5102,912)  (5075,970)  (5232,1021)  (5613,945)  (5646,903)  (5628,846)  (5618,797)  (5602,751)  (5570,700)  (5601,653)  (5593,898)  (5561,949)  (5511,967)  (5463,950)
South Pacific Ocean  (1689,4555)  (1623,4561)  (1692,4649)  (1632,4630)  (1549,4554)  (1561,4634)  (1632,4732)  (1698,4791)  (1619,4822)  (1566,4738)  (1475,4669)  (1484,4562)  (1371,4560)  (1379,4680)  (1429,4756)  (1508,4837)  (1566,4915)  (1672,4916)  (1491,4757)  (1418,4843)  (1477,4921)  (1333,4814)  (1304,4687)  (1304,4576)  (1245,4775)  (1334,4916)  (1418,4962)  (1532,5030)  (1612,5017)  (1701,5016)  (1206,4632)  (1225,4885)  (1281,5024)
Southwest Pacific Ocean  (10844,3862)  (10848,3931)  (10847,3805)  (10839,3739)  (10835,3691)  (10846,3637)  (10857,3573)  (10924,3916)  (10924,3855)  (10932,3789)  (10928,3727)  (10856,3518)  (10999,4115)  (11004,4055)  (11005,3990)  (10998,3924)  (11010,3860)  (11013,3811)  (11014,3765)  (11037,3696)  (11039,3634)  (11030,3575)  (11016,3527)  (11013,3479)  (10937,3563)  (10938,3504)
Celebes  (8937,3509)  (8929,3459)  (9010,3483)  (8987,3433)  (8996,3373)  (9082,3291)  (9032,3292)  (8983,3285)  (8944,3308)  (8940,3357)
Gabon etc  (5151,3268)  (5146,3320)  (5124,3372)  (5169,3417)  (5210,3473)  (5262,3471)  (5221,3424)  (5173,3372)  (5197,3320)  (5208,3263)  (5387,3208)  (5374,3261)  (5367,3314)  (5326,3363)  (5308,3310)  (5298,3258)
West Malaysia  (8305,3146)  (8336,3194)  (8270,3099)  (8323,3099)  (8355,3139)  (8289,3191)  (8361,3239)
Northwest United States  (1065,1465)  (1028,1516)  (1000,1574)  (957,1625)  (906,1672)  (956,1676)  (1012,1677)  (1013,1622)  (1068,1676)  (1069,1622)  (1059,1567)  (1081,1515)  (1125,1674)  (1121,1618)  (1115,1566)  (1134,1514)  (1123,1458)  (1180,1434)  (1242,1434)  (1298,1437)  (1360,1438)  (1197,1489)  (1256,1489)  (1312,1489)  (1369,1491)  (1180,1620)  (1180,1674)  (1233,1626)  (1233,1677)  (1222,1733)  (1287,1631)  (1289,1682)  (1277,1735)  (1339,1631)  (1340,1680)  (1338,1734)  (1394,1631)  (1398,1687)  (1395,1731)  (1396,1563)
Iceland  (4336,807)  (4354,856)  (4387,805)  (4435,806)  (4285,794)  (4300,842)  (4483,800)  (4404,854)
Greece etc  (5498,1795)  (5519,1744)  (5667,1690)  (5616,1693)  (5564,1694)  (5663,1637)  (5691,1582)  (5532,1468)  (5583,1468)  (5494,1520)  (5637,1470)  (5663,1522)  (5548,1520)  (5600,1522)  (5635,1578)
South Korea  (8908,1853)  (8948,1831)  (8944,1945)  (8985,1933)  (9003,1884)  (8925,1899)  (8963,1872)
Mozambique  (6007,3804)  (6016,3855)  (5870,3920)  (5925,3920)  (5892,4218)  (5896,4270)  (5948,4259)  (5949,4208)  (6067,3808)  (6118,3793)  (6147,3850)  (6133,3905)  (6099,3955)  (6087,3854)  (5942,4154)
Borneo etc  (8586,3282)  (8634,3276)  (8593,3342)  (8621,3395)  (8673,3423)  (8725,3420)  (8778,3426)  (8797,3371)  (8821,3322)  (8847,3270)  (8836,3214)  (8838,3160)  (8870,3114)  (8817,3104)  (8771,3146)  (8742,3187)  (8701,3224)  (8782,3206)  (8640,3356)
Northeast Brazil  (3305,3659)  (3360,3673)  (3413,3673)  (3461,3615)  (3440,3559)  (3383,3559)  (3325,3560)  (3273,3600)  (3268,3541)  (3322,3503)  (3381,3504)  (3500,3557)  (3518,3613)  (3473,3670)  (3433,3729)  (3374,3728)  (3314,3724)  (3267,3487)  (3440,3506)  (3247,3658)  (3247,3715)  (3214,3592)  (3211,3534)  (3210,3478)  (3196,3421)  (3254,3775)  (3259,3829)  (3312,3783)  (3324,3835)  (3370,3779)  (3426,3789)  (3399,3845)
Beaufort Sea  (434,851)  (435,792)  (500,743)  (375,818)  (357,882)  (282,905)  (303,841)  (360,749)  (426,718)  (498,678)  (361,684)  (295,768)  (202,842)  (252,981)  (172,932)  (211,760)  (276,674)  (397,599)  (528,612)  (606,712)  (642,611)  (506,540)  (377,526)  (293,562)  (203,635)  (135,719)  (121,830)  (96,964)  (52,858)  (52,698)  (85,602)  (164,529)  (620,523)  (763,604)
South United States  (1491,2239)  (1536,2182)  (1590,2146)  (1645,2117)  (1704,2116)  (1757,2123)  (1477,2171)  (1428,2119)  (1368,2121)  (1337,2065)  (1285,2046)  (1479,2116)  (1537,2122)  (1593,2087)  (1647,2061)  (1704,2059)  (1758,2059)  (1756,2003)  (1705,2002)  (1652,1998)  (1596,2026)  (1538,2064)  (1472,2057)  (1415,2056)  (1374,1997)  (1311,1980)  (1294,1918)  (1353,1929)  (1411,1934)  (1447,1993)  (1469,1902)  (1525,1926)  (1581,1922)  (1642,1938)  (1702,1936)  (1765,1939)  (1759,1875)  (1692,1870)  (1633,1875)  (1578,1864)  (1519,1860)  (1456,1844)  (1398,1865)  (1335,1859)  (1298,1803)  (1358,1803)  (1713,1810)
Ecuador  (2073,3407)  (2118,3335)  (2125,3386)  (2037,3299)  (2010,3354)  (2017,3406)  (2029,3460)
Colombia  (2181,3146)  (2201,3201)  (2256,3201)  (2309,3197)  (2327,3142)  (2192,3089)  (2247,3079)  (2303,3086)  (2242,3024)  (2188,3032)  (2306,3255)  (2252,3256)  (2197,3257)  (2383,3120)  (2385,3174)  (2368,3229)  (2211,2971)  (2227,2915)  (2136,3256)  (2139,3202)  (2134,3046)  (2218,3311)  (2272,3311)  (2328,3309)  (2259,3369)  (2320,3367)
South China Sea  (8740,2576)  (8686,2515)  (8769,2496)  (8656,2593)  (8726,2658)  (8820,2627)  (8829,2556)  (8904,2513)  (8635,2668)  (8720,2750)  (8555,2656)  (8608,2753)  (8809,2726)  (8995,2524)  (8965,2447)  (8980,2352)  (9077,2436)  (8860,2810)  (8752,2860)  (8662,2858)  (8696,2955)  (8803,2957)  (8865,2903)  (8615,2929)  (9075,2630)  (9115,2544)  (9111,2362)  (8979,2282)  (9039,2695)  (8892,2972)  (8749,3039)  (8644,3029)
Southeast Siberia  (8367,1207)  (8418,1204)  (8469,1211)  (8521,1224)  (8579,1243)  (8634,1284)  (8665,1331)  (8318,1202)  (8346,1266)  (8291,1256)  (8373,1323)  (8318,1318)  (8261,1191)  (7665,1235)  (7721,1246)  (7775,1253)  (7829,1266)  (7880,1290)  (7935,1319)  (7990,1323)  (8046,1329)  (8101,1348)  (8154,1361)  (8205,1356)  (8260,1341)
Spain etc  (4845,1680)  (4792,1669)  (4734,1654)  (4789,1725)  (4676,1652)  (4622,1650)  (4567,1649)  (4555,1702)  (4541,1760)  (4531,1814)  (4578,1846)  (4637,1863)  (4692,1854)  (4742,1834)  (4771,1779)  (4734,1708)  (4590,1792)  (4640,1809)  (4697,1797)  (4600,1743)
Bay of Bengal  (8167,3069)  (8088,3033)  (8141,2965)  (8016,3046)  (8057,2969)  (8101,2892)  (7990,2979)  (8033,2903)  (8091,2800)  (7960,2897)  (8014,2832)  (8018,2750)  (7942,2820)  (7953,2739)  (7963,2657)  (7879,2715)  (7900,2652)  (7923,2572)  (7856,2536)  (7849,2603)  (7814,2686)  (7789,2580)  (7731,2634)  (7735,2719)  (7809,2776)  (7906,2956)  (7871,2872)  (7932,3064)  (7818,3003)  (7796,2910)  (7723,2844)  (8026,3150)  (7926,3151)  (7834,3090)
Tasmania  (9423,4926)  (9471,4931)  (9394,5001)  (9442,4999)
Japan  (9295,1738)  (9320,1782)  (9124,1963)  (9168,1942)  (9219,1945)  (9259,1969)  (9301,1935)  (9350,1915)  (9330,1828)  (9095,2024)  (9130,2066)  (9181,2003)  (9248,1906)
Caspian Sea  (6446,1796)  (6493,1844)  (6431,1748)  (6408,1700)  (6375,1652)  (6340,1604)  (6325,1556)  (6373,1553)  (6421,1521)
Red Sea  (5958,2270)  (5984,2321)  (6014,2371)  (6057,2423)  (6077,2472)  (6087,2524)  (6107,2578)  (6157,2588)  (6150,2639)  (6204,2657)  (6188,2707)  (6334,2858)  (6387,2830)  (6439,2842)  (6498,2782)  (6492,2832)  (6552,2769)  (6563,2820)  (6577,2873)  (6579,2925)  (6559,2977)  (6544,3029)  (6529,3081)  (6505,3134)  (6473,3185)  (6428,3236)  (6374,3270)  (6321,3309)
Austria etc  (5475,1423)  (5424,1418)  (5451,1475)  (5264,1506)  (5213,1469)  (5227,1367)  (5275,1353)  (5321,1364)  (5241,1413)  (5258,1458)  (5310,1486)  (5360,1490)  (5374,1383)  (5406,1494)  (5290,1408)
Black Sea  (5839,1619)  (5791,1666)  (5791,1618)  (5887,1606)  (5789,1570)  (5743,1673)  (5743,1625)  (5935,1583)  (5935,1631)  (5983,1608)  (5983,1656)  (6031,1631)  (6031,1679)  (6079,1675)
West Indian Ocean  (7462,3751)  (7414,3798)  (7414,3750)  (7509,3799)  (7462,3703)  (7510,3703)  (7510,3751)  (7412,3702)  (7461,3846)  (7413,3846)  (7366,3798)  (7366,3750)  (7557,3799)  (7557,3847)  (7509,3847)  (7365,3847)  (7460,3655)  (7508,3655)  (7556,3655)  (7558,3703)  (7558,3751)  (7364,3702)  (7364,3654)  (7412,3654)  (7604,3609)  (7461,3894)  (7413,3894)  (7318,3799)  (7318,3751)  (7605,3799)  (7605,3847)  (7605,3895)  (7557,3895)  (7509,3895)  (7365,3895)  (7317,3895)  (7317,3847)  (7460,3607)  (7508,3607)  (7556,3607)  (7606,3657)  (7606,3705)  (7316,3703)  (7316,3655)  (7316,3607)  (7364,3606)  (7412,3606)  (7604,3561)  (7652,3561)  (7652,3609)  (7461,3942)  (7413,3942)  (7270,3799)  (7270,3751)
Bering Sea  (10430,1461)  (10382,1508)  (10382,1460)  (10477,1509)  (10430,1413)  (10478,1413)  (10478,1461)  (10380,1412)  (10429,1556)  (10381,1556)  (10334,1508)  (10334,1460)  (10525,1509)  (10525,1557)  (10477,1557)  (10333,1557)  (10428,1365)  (10476,1365)  (10524,1365)  (10526,1413)  (10526,1461)  (10332,1412)  (10332,1364)  (10380,1364)  (10572,1319)  (10429,1604)  (10381,1604)  (10286,1509)  (10286,1461)  (10573,1509)  (10573,1557)  (10573,1605)  (10525,1605)  (10477,1605)  (10333,1605)  (10285,1605)  (10285,1557)  (10428,1317)  (10476,1317)  (10524,1317)  (10574,1367)  (10574,1415)  (10284,1413)  (10284,1365)  (10284,1317)  (10332,1316)  (10380,1316)  (10572,1271)  (10620,1271)  (10620,1319)  (10429,1652)  (10381,1652)  (10238,1509)  (10238,1461)
Italy etc  (5197,1519)  (5146,1496)  (5096,1477)  (5046,1484)  (5049,1536)  (5330,1771)  (5323,1720)  (5272,1697)  (5220,1667)  (5053,1582)  (5097,1524)
Southwest United States  (962,1999)  (911,1952)  (872,1897)  (867,1843)  (926,1898)  (922,1843)  (1014,2000)  (1067,2028)  (1121,2048)  (1174,2052)  (1226,2037)  (969,1945)  (869,1788)  (891,1732)  (923,1789)  (979,1890)  (1025,1944)  (1077,1967)  (1134,1993)  (1187,1983)  (1220,1920)  (954,1733)  (977,1788)  (978,1837)  (1007,1733)  (1029,1787)  (1063,1732)  (1082,1781)  (1119,1730)  (1139,1785)  (1219,1857)  (1212,1800)
Georgia etc  (6146,1655)  (6190,1671)  (6240,1672)  (6349,1711)  (6368,1760)  (6315,1757)  (6272,1772)  (6220,1725)
Ethiopia  (6081,2826)  (6134,2840)  (6188,2889)  (6225,2946)  (6279,2994)  (6343,3027)  (6299,3079)  (6243,3109)  (6190,3125)  (6140,3132)  (6089,3117)  (6039,3071)  (5989,3020)  (5987,2964)  (6009,2911)  (6024,2855)
Yemen etc  (6703,2418)  (6758,2447)  (6700,2476)  (6753,2501)  (6696,2532)  (6695,2588)  (6638,2574)  (6634,2628)  (6581,2659)  (6526,2705)  (6472,2722)  (6418,2742)  (6363,2763)  (6303,2763)  (6280,2709)  (6338,2709)  (6397,2686)  (6452,2666)
Somalia etc  (6252,2867)  (6311,2933)  (6363,2934)  (6092,2667)  (6097,2718)  (6412,2923)  (6464,2906)  (6412,2979)  (6469,2963)  (6516,2898)  (6433,3051)  (6410,3110)  (6358,3164)  (6306,3194)  (6261,3248)
Afghanistan  (6913,2075)  (6966,2075)  (6864,2130)  (6856,2076)  (6831,2023)  (6913,2129)  (7016,2073)  (6962,2127)  (6884,2022)  (6827,1969)  (7050,2015)  (7081,1964)  (7101,1912)  (7089,1856)  (7036,1902)  (6982,1892)  (6929,1885)  (6892,1939)  (7028,1957)  (6943,1934)
West India  (7260,2185)  (7221,2237)  (7167,2261)  (7197,2312)  (7373,2280)  (7346,2333)  (7300,2504)  (7280,2433)  (7269,2236)  (7319,2274)  (7267,2286)  (7291,2337)  (7242,2363)  (7194,2393)  (7144,2398)  (7171,2451)  (7224,2446)  (7350,2515)  (7404,2527)  (7458,2521)  (7428,2575)  (7375,2573)  (7324,2563)  (7316,2619)
Saudi Arabia etc  (6487,2372)  (6558,2413)  (6620,2408)  (6453,2310)  (6405,2250)  (6369,2183)  (6178,2448)  (6223,2506)  (6251,2436)  (6190,2380)  (6619,2468)  (6579,2517)  (6521,2539)  (6452,2551)  (6392,2589)  (6333,2593)  (6259,2577)  (6288,2514)  (6126,2363)  (6089,2303)  (6041,2236)  (6090,2173)  (6100,2106)  (6164,2142)  (6228,2188)  (6294,2212)  (6161,2202)  (6102,2247)  (6161,2265)  (6198,2329)  (6236,2254)  (6314,2270)  (6364,2519)  (6260,2334)
South Newzealand  (10001,5118)  (10046,5101)  (10098,5071)  (10315,4937)  (10270,4964)  (10229,4997)
Egypt  (5816,2118)  (5761,2130)  (5902,2136)  (5842,2174)  (5877,2225)  (5647,2108)  (5651,2159)  (5704,2117)  (5656,2218)  (5894,2277)  (5924,2330)  (5955,2381)  (5906,2431)  (5660,2274)  (5661,2335)  (5707,2177)  (5763,2183)  (5901,2382)  (5858,2331)  (5849,2385)  (5851,2437)  (5792,2434)  (5732,2433)  (5686,2433)  (5660,2385)  (5706,2384)  (5756,2382)
Khabarovsk  (8718,1304)  (8742,1351)  (8690,1248)  (8661,1208)  (8666,1160)  (8781,1387)  (8828,1428)  (8880,1418)  (8832,1378)  (8939,1422)  (8970,1470)  (9019,1375)  (9055,1417)  (9042,1469)  (9029,1516)  (9018,1579)  (8973,1615)  (8968,1566)  (8980,1521)  (8975,1316)  (8951,1266)  (8893,1246)  (8702,1055)  (8713,1013)  (8719,966)  (8768,947)  (8801,990)  (8770,1034)
Sakha  (8003,1080)  (8083,1057)  (8183,1060)  (8256,1082)  (8346,1101)  (8421,1118)  (8495,1117)  (8570,1146)  (8030,1010)  (8119,997)  (8222,991)  (8311,1013)  (8382,1026)  (8467,1050)  (8541,1057)  (8624,1076)  (7970,1019)  (8025,945)  (8114,940)  (8217,934)  (8325,943)  (8423,959)  (8525,975)  (8603,1001)
Panama etc  (1857,2909)  (1894,2944)  (2041,2961)  (2086,2979)  (1991,3008)
Inner China  (8340,2017)  (8318,1961)  (8308,1902)  (8257,1977)  (8248,1921)  (8253,1871)  (8303,1840)  (8188,1853)  (8189,1906)  (8196,1964)  (8120,1996)  (8064,1979)  (7794,1922)  (7798,1862)  (7791,1809)  (7829,1751)  (7846,1690)  (7884,1748)  (7848,1814)  (7855,1863)  (7849,1916)  (7877,1972)  (7933,1982)
Bolivia  (2650,3902)  (2597,3889)  (2542,3881)  (2488,3870)  (2641,3959)  (2634,4014)  (2632,4071)  (2694,3983)  (2691,4036)  (2748,3988)  (2750,4040)  (2637,4125)  (2537,3826)  (2480,3811)  (2497,3755)  (2448,3928)  (2471,3988)  (2522,4005)  (2578,4016)  (2470,4044)  (2521,4058)  (2574,4072)  (2485,4109)  (2540,4121)  (2507,4172)
Southwest Atlantic Ocean  (3621,3740)  (3558,3828)  (3646,3624)  (3626,3496)  (3555,3962)  (3659,3885)  (3545,4082)  (3741,3775)  (3682,4027)  (3486,4189)  (3665,4152)  (3775,3940)  (3783,3647)  (3541,3439)  (3771,3546)  (3802,4056)  (3604,4216)  (3849,3831)  (3730,3479)  (3733,3707)  (3647,4085)  (3640,3960)  (3654,3813)  (3709,3562)  (3649,3421)  (3454,3406)  (3750,3868)
Baltic Sea  (5396,1055)  (5348,1102)  (5414,1103)  (5387,1007)  (5444,1013)  (5366,1150)  (5387,959)  (5492,1024)  (5318,1152)  (5380,911)  (5182,1174)  (5170,1126)  (5051,1090)  (5049,1200)  (5036,1152)
Yukon  (1047,967)  (1105,968)  (1161,965)  (1219,951)  (1292,954)  (1364,948)  (1421,960)  (1487,956)  (1570,949)  (1629,951)  (1708,957)  (1784,945)  (1855,957)  (1934,942)  (1826,889)  (1765,863)  (1695,828)  (1651,774)  (1622,728)  (1607,664)  (1544,696)  (1485,700)  (1429,707)  (1375,708)  (1318,742)  (1265,790)  (1214,846)  (1164,886)  (1107,912)  (1252,897)  (1300,846)  (1347,790)  (1426,763)  (1508,750)  (1568,756)  (1598,808)  (1693,889)  (1629,871)  (1312,899)  (1355,843)  (1562,888)  (1544,824)
Greenland Sea  (4373,939)  (4444,943)  (4303,974)  (4489,876)  (4544,974)  (4282,905)  (4214,961)  (4595,912)  (4204,845)  (4127,919)  (4596,837)  (4682,968)  (4684,879)  (4112,977)  (4008,868)  (4102,820)  (4670,795)  (4788,926)  (4039,977)  (3925,933)  (4777,843)  (4582,745)  (4444,708)  (4348,720)  (4218,748)  (3846,968)  (3857,869)  (3775,956)  (4875,965)  (4897,876)  (4832,755)  (4730,733)  (4604,648)  (3479,959)  (3396,883)  (3335,970)  (3275,902)
Pakistan  (6907,2190)  (6940,2243)  (6967,2188)  (7026,2135)  (6927,2299)  (6979,2296)  (7142,2342)  (7092,2353)  (7101,2291)  (7112,2238)  (7164,2200)  (7205,2149)  (7232,2098)  (7215,1900)  (7160,1902)  (7270,1930)  (7214,1953)  (7160,1954)  (7039,2302)  (7222,2043)  (7171,2009)  (7117,2025)  (7169,2061)  (7112,2081)  (6993,2243)  (7052,2242)  (7019,2189)
Guyana etc  (2759,3101)  (2758,3156)  (2813,3186)  (2866,3189)  (2919,3197)  (2920,3138)  (2757,3212)  (2704,3093)  (2722,3037)
Ireland  (4643,1191)  (4593,1197)  (4547,1232)  (4549,1282)  (4598,1244)
Alaska  (357,963)  (390,1012)  (442,1020)  (496,1017)  (425,951)  (483,957)  (537,906)  (544,959)  (598,967)  (660,946)  (719,939)  (775,933)  (841,937)  (896,958)  (950,976)  (1002,1010)  (1056,1037)  (1061,1090)  (1067,1144)  (600,905)  (536,808)  (594,798)  (652,812)  (662,873)  (718,879)  (776,873)  (836,877)  (898,889)  (961,913)  (1021,887)  (1078,847)  (1131,809)  (1186,763)  (1239,722)  (1289,678)  (1240,666)  (1181,708)  (1126,755)  (1076,792)  (1020,829)  (959,854)  (1010,770)  (1068,735)  (1120,699)  (1178,652)
Gulf of Mexico  (1772,2310)  (1848,2290)  (1842,2362)  (1776,2389)  (1709,2351)  (1711,2275)  (1791,2247)  (1873,2224)  (1934,2305)  (1905,2360)  (1841,2426)  (1703,2426)  (1628,2376)  (1627,2309)  (1660,2231)  (1740,2200)  (1949,2192)  (1572,2275)  (1550,2357)  (1520,2444)  (1543,2520)  (1624,2560)  (1603,2450)  (1678,2501)  (2006,2350)
East China  (8539,2471)  (8586,2456)  (8641,2434)  (8687,2416)  (8733,2386)  (8770,2343)  (8800,2296)  (8818,2246)  (8827,2194)  (8824,2145)  (8815,2091)  (8780,2043)  (8738,1999)  (8689,1979)  (8573,2404)  (8619,2384)  (8714,2043)
Northern Caucases  (6034,1477)  (6064,1429)  (6023,1528)  (6059,1573)  (6077,1381)  (6086,1330)  (6132,1335)  (6180,1366)  (6209,1413)  (6245,1461)  (6289,1499)  (6248,1550)  (6265,1603)  (6299,1653)  (6220,1618)  (6162,1601)  (6108,1587)  (6181,1547)  (6124,1540)  (6125,1389)  (6070,1514)
Southeast United States  (2296,1853)  (2269,1909)  (2214,1946)  (2157,1984)  (2096,2027)  (2060,2083)  (2049,2140)  (2054,2199)  (2070,2256)  (1990,2114)  (1933,2093)  (1870,2090)  (1833,2035)  (1887,2034)  (1942,2038)  (1997,2055)  (1849,1977)  (1867,1922)  (1903,1978)  (1956,1983)  (1927,1921)  (1988,1909)  (2050,1870)  (2109,1856)  (2163,1863)  (2049,1923)  (2103,1909)  (2160,1917)  (2215,1892)  (2214,1836)  (2270,1799)
Central Pacific Ocean  (388,2655)  (397,2726)  (320,2666)  (295,2575)  (245,2636)  (268,2711)  (326,2747)  (403,2805)  (329,2824)  (254,2781)  (185,2722)  (191,2608)  (229,2535)  (127,2614)  (113,2715)  (187,2833)  (275,2908)  (392,2923)  (500,2867)  (482,2761)  (564,2726)  (606,2620)  (544,2564)  (495,2513)  (437,2468)  (383,2410)  (297,2401)  (224,2460)  (146,2510)  (112,2810)  (112,2428)  (203,2346)  (75,2538)  (479,2401)  (585,2482)  (668,2565)  (672,2713)  (627,2815)
East Atlantic Ocean  (4193,2395)  (4234,2327)  (4158,2480)  (4264,2239)  (4185,2572)  (4170,2312)  (4121,2375)  (4091,2452)  (4121,2549)  (4156,2648)  (4173,2233)  (4064,2285)  (4039,2372)  (4009,2474)  (4050,2578)  (4084,2668)  (4146,2743)  (4093,2202)  (3978,2304)  (3922,2411)  (3936,2535)  (3965,2628)  (4045,2750)  (3949,2205)  (3896,2322)  (3831,2472)  (3857,2613)  (3885,2708)  (3850,2233)  (3810,2357)
Central Canada  (2440,1533)  (2384,1555)  (2430,1469)  (2370,1494)  (2306,1484)  (2393,1407)  (2396,1339)  (2370,1281)  (2383,1217)  (2257,1420)  (2191,1382)  (2128,1373)  (2062,1384)  (1994,1369)  (1927,1357)  (1868,1365)  (1803,1366)  (1741,1364)  (1726,1305)  (1784,1311)  (1844,1308)  (1904,1295)  (1968,1302)  (2030,1310)  (2103,1310)  (2168,1317)  (2233,1322)  (2296,1350)  (2335,1406)  (2305,1279)  (2309,1220)  (2294,1160)
Niger  (4837,2760)  (4890,2795)  (4959,2594)  (5208,2435)  (5267,2460)  (5284,2515)  (5218,2749)  (5169,2770)  (5251,2694)  (5278,2645)  (5286,2583)  (5016,2571)  (5069,2536)  (4898,2743)  (4952,2757)  (4947,2703)  (5006,2752)  (5059,2776)  (5117,2780)  (5123,2486)  (5175,2485)  (5231,2502)  (5238,2553)  (4956,2646)  (5000,2702)  (5006,2652)  (5062,2727)  (5117,2730)  (5170,2715)  (5116,2538)  (5170,2540)
Philippines  (9092,3023)  (8925,2719)  (8927,2671)  (9108,2974)  (9043,3008)  (9105,3077)  (9034,2922)  (9085,2906)  (9085,2853)  (9011,2778)  (8936,2811)  (9001,2879)  (8923,2621)  (9140,3026)
Quebec  (2560,1213)  (2550,1265)  (2525,1322)  (2471,1327)  (2708,1365)  (2652,1388)  (2628,1441)  (2618,1498)  (2562,1520)  (2507,1518)  (2767,1448)  (2762,1501)  (2566,1462)  (2512,1463)  (2474,1411)  (2526,1412)  (2579,1321)  (2590,1385)  (2642,1328)  (2619,1267)  (2622,1208)  (2683,1274)  (2738,1302)  (2765,1357)  (2678,1216)  (2675,1154)  (2692,1098)  (2728,1154)  (2732,1206)  (2794,1296)  (2848,1322)  (2904,1319)  (2961,1324)  (3017,1309)  (3073,1280)  (3124,1259)  (3078,1200)  (3048,1144)  (3041,1082)  (2739,1040)  (2757,996)  (2776,943)  (2829,951)  (2884,967)  (2882,1025)  (2936,1083)  (2988,1077)  (2784,1145)
Turkmenistan etc  (6589,1793)  (6642,1793)  (6693,1804)  (6748,1825)  (6803,1864)  (6857,1875)  (6914,1823)  (6975,1819)  (7029,1814)  (7085,1782)  (7137,1790)  (7146,1734)  (7201,1703)  (7251,1678)  (7301,1660)  (6583,1736)  (6611,1679)  (6604,1623)  (6621,1563)  (6660,1610)  (6716,1636)
Sakhalin Island  (9013,1240)  (9042,1277)  (9087,1318)  (9205,1492)  (9173,1449)  (9147,1396)
Cameroon etc  (5118,3133)  (5148,3180)  (5200,3198)  (5198,3143)  (5175,3087)  (5253,2980)  (5555,2939)  (5572,2985)  (5678,3079)  (5528,3123)  (5393,3145)  (5305,3209)  (5253,3197)  (5229,3036)  (5461,2987)  (5516,2992)  (5627,3031)  (5623,3089)  (5558,3043)  (5314,3150)  (5259,3138)  (5230,3089)
Germany etc  (5227,1236)  (5228,1287)  (5173,1232)  (5177,1285)  (5173,1338)  (5179,1389)  (5098,1130)  (5099,1182)  (5163,1440)  (5112,1431)  (5035,1314)  (5043,1365)  (5054,1263)  (5094,1377)
Northeast Atlantic Ocean  (4525,1458)  (4533,1533)  (4623,1481)  (4583,1393)  (4475,1393)  (4448,1473)  (4466,1561)  (4624,1563)  (4721,1532)  (4610,1325)  (4476,1307)  (4403,1363)  (4350,1447)  (4358,1543)  (4404,1641)  (4476,1638)  (4460,1738)  (4434,1803)  (4471,1882)  (4544,1937)  (4354,1722)  (4313,1636)  (4273,1552)  (4268,1459)  (4301,1374)  (4384,1275)  (4342,1845)  (4203,1634)  (4264,1756)  (4210,1508)  (4453,1185)  (4515,1109)  (4921,1232)  (4976,1184)  (4909,1161)  (4835,1163)  (4874,1100)
Arafura Sea  (9388,3692)  (9340,3737)  (9340,3689)  (9435,3740)  (9388,3644)  (9436,3644)  (9436,3692)  (9336,3641)  (9292,3775)  (9292,3727)  (9483,3740)  (9384,3596)  (9432,3596)  (9480,3596)  (9484,3644)  (9484,3692)  (9288,3679)  (9288,3631)  (9336,3593)  (9278,3583)  (9513,3788)  (9528,3564)  (9244,3793)  (9244,3745)  (9531,3740)  (9531,3836)  (9384,3548)  (9432,3548)  (9480,3548)  (9532,3675)  (9240,3697)  (9240,3649)  (9326,3545)  (9230,3601)  (9230,3553)  (9278,3535)  (9561,3788)  (9211,3841)  (9200,3505)  (9483,3880)  (9196,3793)  (9196,3745)  (9579,3723)  (9579,3836)  (9579,3884)  (9531,3884)  (9192,3697)  (9192,3649)  (9326,3497)  (9182,3601)  (9182,3553)
Krasnoyarsk  (7526,1237)  (7582,1238)  (7480,1163)  (7562,1163)  (7643,1166)  (7368,1104)  (7446,1106)  (7522,1102)  (7609,1091)  (7682,1097)  (7759,1102)  (7338,1042)  (7419,1044)  (7503,1037)  (7585,1030)  (7665,1022)  (7751,1030)  (7329,970)  (7416,980)  (7494,967)  (7583,964)  (7663,955)  (7252,923)  (7327,907)  (7478,892)  (7413,907)  (7557,897)  (7653,892)
Bangladesh  (7793,2317)  (7835,2344)  (7879,2350)  (7805,2417)  (7849,2424)  (7898,2421)  (7914,2463)
Nicaragua  (1825,2845)  (1818,2792)  (1872,2770)  (1915,2753)  (1878,2855)
Vietnam etc  (8422,2942)  (8451,2897)  (8497,2865)  (8519,2814)  (8510,2760)  (8478,2708)  (8432,2663)  (8387,2613)  (8374,2553)  (8392,2501)  (8384,2449)  (8331,2454)  (8285,2456)  (8244,2501)  (8256,2550)  (8291,2503)  (8343,2498)  (8312,2554)  (8401,2890)  (8357,2862)  (8428,2712)
South Brazil  (3014,4384)  (3065,4378)  (3118,4389)  (2962,4463)  (3014,4491)  (3067,4494)  (3017,4325)  (3069,4319)  (3122,4331)  (2994,4270)  (3047,4267)  (3033,4211)  (2960,4516)  (3033,4545)
South Atlantic Ocean  (5413,4712)  (5356,4669)  (5481,4723)  (5442,4785)  (5355,4753)  (5385,4838)  (5486,4859)  (5282,4729)  (5324,4590)  (5244,4596)  (5572,4715)  (5517,4796)  (5579,4857)  (5521,4940)  (5433,4940)  (5320,4908)  (5276,4819)  (5190,4676)  (5181,4563)  (5203,4770)  (5122,4620)  (5106,4755)  (5181,4870)  (5260,4979)  (5100,4861)  (5156,4973)  (5368,5038)
Botswana  (5496,4214)  (5493,4259)  (5515,4332)  (5617,4297)  (5734,4190)  (5629,4052)  (5529,4064)  (5579,4053)  (5520,4114)  (5655,4106)  (5692,4147)  (5522,4163)  (5654,4261)  (5689,4213)  (5559,4291)  (5544,4239)  (5573,4102)  (5595,4243)
Mexico  (1239,2335)  (1289,2373)  (1342,2374)  (1396,2348)  (1398,2292)  (1344,2256)  (1292,2254)  (1237,2278)  (1236,2389)  (1286,2426)  (1341,2426)  (1395,2399)  (1449,2368)  (1450,2313)  (1399,2235)  (1296,2196)  (1237,2217)  (1184,2239)  (1186,2299)  (1291,2481)  (1347,2480)  (1401,2454)  (1306,2534)  (1358,2536)  (1410,2511)  (1359,2591)  (1411,2568)  (1412,2626)  (1467,2593)  (1469,2648)  (1529,2638)  (1583,2652)  (1183,2182)  (1128,2210)  (1731,2565)  (1782,2507)
Zimbabwe  (5698,4049)  (5803,3966)  (5887,4002)  (5842,4167)  (5796,4162)  (5754,4009)  (5887,4049)  (5718,4097)  (5885,4099)  (5850,3963)  (5749,4052)  (5752,4139)  (5766,4093)  (5803,4011)  (5818,4114)
Central China  (8648,2047)  (8678,2105)  (8690,2162)  (8692,2217)  (8681,2275)  (8625,2301)  (8574,2306)  (8525,2283)  (8076,2063)  (8101,2117)  (8124,2065)  (8170,2027)  (8173,2078)  (8156,2127)  (8169,2176)  (8205,2228)  (8220,2178)  (8267,2190)  (8318,2197)  (8633,2099)  (8639,2147)  (8640,2200)  (8630,2250)  (8584,2252)  (8487,2219)
Pacific Ocean  (1058,3427)  (980,3417)  (1078,3518)  (1004,3503)  (906,3415)  (912,3509)  (990,3618)  (1082,3604)  (921,3600)  (843,3466)  (832,3554)  (929,3685)  (1061,3755)  (967,3769)  (764,3509)  (789,3390)  (772,3631)  (856,3713)  (717,3568)  (701,3449)  (774,3752)  (889,3845)  (1031,3890)  (1016,3693)  (760,3829)  (701,3687)  (654,3542)  (626,3419)  (580,3646)  (640,3788)  (843,3928)  (953,3952)
Tasman Sea  (9986,4788)  (9938,4835)  (9938,4787)  (10033,4836)  (9986,4740)  (10034,4740)  (10034,4788)  (9936,4739)  (9985,4883)  (9937,4883)  (9890,4835)  (9890,4787)  (10081,4836)  (10081,4884)  (10033,4884)  (9889,4884)  (9984,4692)  (10032,4692)  (10080,4692)  (10082,4740)  (10082,4788)  (9888,4739)  (9888,4691)  (9936,4691)  (10128,4646)  (9985,4931)  (9937,4931)  (9842,4836)  (9842,4788)  (10129,4836)  (10129,4884)  (10129,4932)  (10081,4932)  (10033,4932)  (9889,4932)  (9841,4932)  (9841,4884)  (9984,4644)  (10032,4644)  (10080,4644)  (10130,4694)  (10130,4742)  (9840,4740)  (9840,4692)  (9840,4644)  (9888,4643)  (9936,4643)  (10128,4598)  (10176,4598)  (10176,4646)  (9985,4979)  (9937,4979)  (9794,4836)  (9794,4788)
Amazon Basin  (2668,3457)  (2719,3488)  (2774,3485)  (2827,3481)  (2854,3427)  (2832,3371)  (2774,3370)  (2717,3372)  (2663,3398)  (2664,3514)  (2722,3543)  (2777,3539)  (2836,3538)  (2882,3479)  (2886,3371)  (2910,3426)  (2896,3535)  (2858,3589)  (2804,3592)  (2746,3598)  (2660,3342)  (2671,3575)  (2936,3481)  (2944,3367)  (2902,3315)  (2842,3311)  (2786,3311)  (2958,3314)  (2999,3366)  (2967,3421)  (2992,3477)  (2959,3537)  (2922,3593)  (2605,3544)  (2606,3486)  (2609,3427)  (2602,3366)  (2549,3403)  (2549,3458)  (2837,3649)  (3026,3424)  (3049,3478)  (3015,3534)  (2983,3591)  (2892,3649)  (2724,3313)  (2666,3285)  (2606,3306)  (2548,3339)  (2495,3362)  (2493,3416)  (2543,3515)  (2489,3479)  (2488,3536)  (2545,3570)  (2601,3602)  (2488,3593)  (2545,3626)  (2680,3633)  (2656,3228)  (2987,3259)  (3069,3362)  (3095,3415)  (3107,3477)  (3078,3536)  (3043,3588)  (2961,3648)
Caribbean Sea  (2090,2904)  (2032,2900)  (2096,2833)  (1969,2899)  (2037,2816)  (1960,2827)  (2194,2825)  (2139,2751)  (2052,2743)  (1979,2692)  (2310,2796)  (2216,2743)  (2163,2670)  (2084,2676)  (2028,2628)  (1943,2628)  (1876,2650)  (1863,2571)  (1945,2530)  (2046,2510)  (2121,2577)  (2212,2594)  (2265,2651)  (2362,2695)  (2453,2657)  (2461,2761)  (2546,2846)  (2541,2705)  (2255,2425)  (2371,2481)  (2515,2517)  (2348,2353)  (2473,2425)  (2608,2486)  (2293,2296)  (2488,2334)
Gulf of Alaska  (800,1701)  (832,1636)  (800,1786)  (738,1757)  (747,1664)  (755,1603)  (816,1554)  (671,1693)  (724,1837)  (783,1897)  (678,1782)  (690,1618)  (749,1539)  (830,1485)  (906,1575)  (911,1510)  (927,1429)  (869,1418)  (753,1480)  (680,1529)  (614,1626)  (592,1723)  (637,1831)  (692,1892)  (770,1971)  (862,2028)  (801,2035)  (700,1968)  (629,1896)  (584,1789)  (555,1659)  (606,1566)  (685,1470)  (814,1417)  (894,1363)
Greenland  (3569,902)  (3650,918)  (3696,862)  (3739,809)  (3796,766)  (3869,737)  (3936,725)  (3994,689)  (4064,669)  (4131,650)  (4187,622)  (4239,574)  (4274,520)  (4335,489)  (4389,445)  (3549,837)  (3539,774)  (3630,853)  (3610,792)  (3681,803)
Zambia etc  (5570,3858)  (5566,3910)  (5570,3958)  (5623,3976)  (5623,3928)  (5623,3872)  (5632,3819)  (5823,3676)  (5878,3714)  (5930,3727)  (5949,3776)  (5938,3829)  (5973,3884)  (5988,3936)  (5794,3725)  (5676,3990)  (5726,3958)  (5675,3937)  (5683,3811)
Hainan Dao  (8516,2577)  (8549,2547)